420116
418692
416935
416914
414084
413583
412139
411841
411794
411636
411588
411585
410989
410570
410371
410173
410170
410077
410056
409906
409723
409719
409717
409707
409705
409704
409596
409520
409275
408979
408966
408937
408555
408334
408330
408114
408072
408060
408009
407985
407382
407056
406976
406786
406274
405719
405704
405305
405086
403927
403924
403923
403749
401878
401666
401418
401120
400668
400615
399265
398995
398965
398211
398112
398076
397467
397465
397464
397447
396823
396809
396808
396087
396083
395962
395007
393932
393147
392946
392931
392847
391927
391520
390915
